M: 2
N: 6
Nun_Veiculos: 4
Capacidade_Total: 215
Demanda_Total: 108
Setup_Min: 1
Setup_Max: 9
Raio: 20
Circulos: 1
Tempo_Processamento_Min: 1
Tempo_Processamento_Max: 49
Demanda_Min: 10
Demanda_Max: 30
Priority_Factor: 0.2
Range_Factor_R: 0.8
U_factor: 2
ALpha: 0.2Replicao: 0
Tempos_Processamentos
0	0	1	0	
0	18	1	2	
0	12	1	40	
0	6	1	30	
0	32	1	17	
0	42	1	14	
0	26	1	19	

Tempos_setup
M0
0	0	0	0	0	0	0	
0	0	6	3	1	3	1	
0	3	0	5	4	5	4	
0	3	8	0	4	2	3	
0	2	8	5	0	5	3	
0	4	6	7	5	0	1	
0	3	5	6	4	2	0	
M1
0	0	0	0	0	0	0	
0	0	4	2	4	3	1	
0	2	0	4	4	3	1	
0	7	5	0	4	6	4	
0	4	6	6	0	4	4	
0	3	4	2	1	0	4	
0	5	6	4	3	2	0	
Tamanho_Tarefas
0	7	16	17	18	28	22	
Data_Entrega
0	48	48	53	60	71	65	
Penalidade_Atraso
0	18	14	5	2	20	12	
Capacidade_Veiculo
45	69	31	70	
Custo_Fixo_Veiculo
450	690	310	700	
Coordenadas_Clientes
x	0	y	0
x	16	y	0
x	8	y	15
x	-8	y	14
x	-19	y	0
x	-8	y	-14
x	10	y	-17
Tempo_Viagem
0	16	17	16	19	16	19	
16	0	17	27	35	27	18	
17	17	0	16	30	33	32	
16	27	16	0	17	28	35	
19	35	30	17	0	17	33	
16	27	33	28	17	0	18	
19	18	32	35	33	18	0	
Custo_Viagem
V0
0	144	153	144	171	144	171	
144	0	153	243	315	243	162	
153	153	0	144	270	297	288	
144	243	144	0	153	252	315	
171	315	270	153	0	153	297	
144	243	297	252	153	0	162	
171	162	288	315	297	162	0	
V1
0	220	234	220	262	220	262	
220	0	234	372	483	372	248	
234	234	0	220	414	455	441	
220	372	220	0	234	386	483	
262	483	414	234	0	234	455	
220	372	455	386	234	0	248	
262	248	441	483	455	248	0	
V2
0	99	105	99	117	99	117	
99	0	105	167	217	167	111	
105	105	0	99	186	204	198	
99	167	99	0	105	173	217	
117	217	186	105	0	105	204	
99	167	204	173	105	0	111	
117	111	198	217	204	111	0	
V3
0	224	238	224	266	224	266	
224	0	238	378	490	378	252	
238	238	0	224	420	462	448	
224	378	224	0	238	392	490	
266	490	420	238	0	238	462	
224	378	462	392	238	0	252	
266	252	448	490	462	252	0	
Velocidade_Veiculos
1	1	1	1	