M: 3
N: 6
Nun_Veiculos: 3
Capacidade_Total: 244
Demanda_Total: 135
Setup_Min: 1
Setup_Max: 9
Raio: 20
Circulos: 1
Tempo_Processamento_Min: 1
Tempo_Processamento_Max: 49
Demanda_Min: 10
Demanda_Max: 30
Priority_Factor: 0.2
Range_Factor_R: 0.8
U_factor: 2
ALpha: 0.2Replicao: 1
Tempos_Processamentos
0	0	1	0	2	0	
0	47	1	19	2	34	
0	33	1	25	2	2	
0	29	1	10	2	24	
0	16	1	34	2	20	
0	45	1	47	2	12	
0	32	1	47	2	38	

Tempos_setup
M0
0	0	0	0	0	0	0	
0	0	2	3	2	3	2	
0	2	0	2	4	1	2	
0	3	4	0	5	5	5	
0	1	3	1	0	4	3	
0	4	4	1	3	0	2	
0	2	2	3	4	2	0	
M1
0	0	0	0	0	0	0	
0	0	3	2	3	3	1	
0	3	0	5	1	5	2	
0	1	4	0	1	4	2	
0	3	4	5	0	5	2	
0	2	1	1	2	0	2	
0	1	4	3	4	3	0	
M2
0	0	0	0	0	0	0	
0	0	6	3	3	2	5	
0	6	0	9	9	4	7	
0	2	6	0	2	4	7	
0	8	5	6	0	8	6	
0	7	7	7	7	0	5	
0	2	7	2	3	4	0	
Tamanho_Tarefas
0	27	13	16	21	19	39	
Data_Entrega
0	74	52	65	52	53	64	
Penalidade_Atraso
0	1	20	9	7	1	17	
Capacidade_Veiculo
111	44	89	
Custo_Fixo_Veiculo
1110	440	890	
Coordenadas_Clientes
x	0	y	0
x	22	y	0
x	11	y	20
x	-11	y	19
x	-20	y	0
x	-10	y	-17
x	11	y	-19
Tempo_Viagem
0	22	22	21	20	19	21	
22	0	22	38	42	36	21	
22	22	0	22	36	41	39	
21	38	22	0	21	36	42	
20	42	36	21	0	19	36	
19	36	41	36	19	0	21	
21	21	39	42	36	21	0	
Custo_Viagem
V0
0	488	488	466	444	421	466	
488	0	488	843	932	799	466	
488	488	0	488	799	932	865	
466	843	488	0	466	799	954	
444	932	799	466	0	421	799	
421	799	932	799	421	0	466	
466	466	865	954	799	466	0	
V1
0	193	193	184	176	167	184	
193	0	193	334	369	316	184	
193	193	0	193	316	369	343	
184	334	193	0	184	316	378	
176	369	316	184	0	167	316	
167	316	369	316	167	0	184	
184	184	343	378	316	184	0	
V2
0	391	391	373	356	338	373	
391	0	391	676	747	640	373	
391	391	0	391	640	747	694	
373	676	391	0	373	640	765	
356	747	640	373	0	338	640	
338	640	747	640	338	0	373	
373	373	694	765	640	373	0	
Velocidade_Veiculos
1	1	1	