M: 4
N: 6
Nun_Veiculos: 4
Capacidade_Total: 189
Demanda_Total: 108
Setup_Min: 1
Setup_Max: 9
Raio: 20
Circulos: 1
Tempo_Processamento_Min: 1
Tempo_Processamento_Max: 49
Demanda_Min: 10
Demanda_Max: 30
Priority_Factor: 0.2
Range_Factor_R: 0.8
U_factor: 2
ALpha: 0.2Replicao: 0
Tempos_Processamentos
0	0	1	0	2	0	3	0	
0	43	1	37	2	44	3	30	
0	21	1	7	2	46	3	31	
0	14	1	9	2	5	3	5	
0	17	1	47	2	25	3	32	
0	48	1	4	2	22	3	8	
0	49	1	28	2	7	3	40	

Tempos_setup
M0
0	0	0	0	0	0	0	
0	0	7	8	5	7	5	
0	4	0	4	4	2	4	
0	2	5	0	5	4	6	
0	8	8	9	0	6	2	
0	2	5	7	2	0	2	
0	9	9	9	8	7	0	
M1
0	0	0	0	0	0	0	
0	0	3	6	3	6	5	
0	6	0	3	3	3	2	
0	4	2	0	1	2	1	
0	3	1	4	0	4	3	
0	7	3	3	4	0	3	
0	4	2	4	1	1	0	
M2
0	0	0	0	0	0	0	
0	0	4	5	5	5	6	
0	2	0	1	1	1	2	
0	3	6	0	7	4	2	
0	5	6	2	0	1	2	
0	4	5	1	5	0	1	
0	5	4	2	5	5	0	
M3
0	0	0	0	0	0	0	
0	0	8	5	2	7	8	
0	6	0	4	2	1	7	
0	6	8	0	6	7	7	
0	4	7	3	0	5	6	
0	5	6	4	1	0	6	
0	2	9	6	3	8	0	
Tamanho_Tarefas
0	30	11	5	23	9	30	
Data_Entrega
0	43	45	51	52	40	42	
Penalidade_Atraso
0	8	15	18	7	20	17	
Capacidade_Veiculo
37	71	38	43	
Custo_Fixo_Veiculo
370	710	380	430	
Coordenadas_Clientes
x	0	y	0
x	21	y	0
x	7	y	13
x	-8	y	14
x	-23	y	0
x	-9	y	-16
x	8	y	-14
Tempo_Viagem
0	21	14	16	23	18	16	
21	0	19	32	44	34	19	
14	19	0	15	32	32	27	
16	32	15	0	20	30	32	
23	44	32	20	0	21	34	
18	34	32	30	21	0	17	
16	19	27	32	34	17	0	
Custo_Viagem
V0
0	155	103	118	170	133	118	
155	0	140	236	325	251	140	
103	140	0	111	236	244	199	
118	236	111	0	148	222	236	
170	325	236	148	0	155	251	
133	251	244	222	155	0	125	
118	140	199	236	251	125	0	
V1
0	298	198	227	326	255	227	
298	0	269	454	624	482	269	
198	269	0	213	454	468	383	
227	454	213	0	284	426	454	
326	624	454	284	0	298	482	
255	482	468	426	298	0	241	
227	269	383	454	482	241	0	
V2
0	159	106	121	174	136	121	
159	0	144	243	334	258	144	
106	144	0	114	243	250	205	
121	243	114	0	152	228	243	
174	334	243	152	0	159	258	
136	258	250	228	159	0	129	
121	144	205	243	258	129	0	
V3
0	180	120	137	197	154	137	
180	0	163	275	378	292	163	
120	163	0	129	275	283	232	
137	275	129	0	172	258	275	
197	378	275	172	0	180	292	
154	292	283	258	180	0	146	
137	163	232	275	292	146	0	
Velocidade_Veiculos
1	1	1	1	